600 4599
283 238 77
364 403 59
439 276 29
19 273 63
449 171 90
316 290 82
224 480 68
391 251 14
394 184 1
67 155 97
395 588 32
496 474 72
312 68 50
435 294 86
206 23 21
381 365 22
151 373 85
570 562 86
565 292 4
545 556 74
269 382 91
148 27 1
482 579 85
507 471 53
141 127 38
272 324 35
45 459 86
566 216 61
462 302 42
597 170 13
559 511 19
0 278 12
150 285 99
44 261 20
40 575 44
550 383 95
496 269 61
460 529 64
563 65 29
319 581 11
319 412 6
150 359 68
599 533 81
310 450 33
578 405 57
540 511 70
484 566 8
468 517 64
330 166 83
141 51 18
522 255 62
599 315 10
117 489 40
577 189 80
297 82 25
166 27 25
565 577 84
541 301 10
242 532 73
40 201 5
539 564 89
449 447 99
416 33 42
361 322 50
584 98 90
116 277 65
335 549 51
193 91 16
385 226 49
444 482 98
385 267 9
391 340 12
92 575 19
282 285 52
115 340 63
103 304 17
375 517 43
9 295 44
43 329 92
33 161 72
245 226 44
474 484 67
249 482 88
133 85 9
285 510 11
526 98 29
28 300 85
381 548 77
370 226 46
370 400 79
301 564 81
519 277 41
177 332 55
336 158 31
74 581 44
43 310 67
500 464 3
587 349 53
316 203 63
268 464 63
11 81 98
131 183 17
133 301 28
500 403 45
3 219 19
181 574 21
49 96 70
86 11 96
40 503 35
86 174 78
502 38 80
491 482 2
581 560 16
437 14 38
555 375 11
530 82 48
373 412 84
341 283 11
241 386 45
438 111 93
434 253 59
363 356 54
463 474 70
470 128 41
110 219 77
482 322 65
268 99 42
97 428 37
117 48 2
37 435 8
206 198 12
596 446 18
469 170 30
468 502 95
440 275 5
436 85 42
587 144 21
189 155 5
48 104 66
120 527 14
58 213 3
507 91 79
419 460 69
326 0 22
156 566 84
166 476 48
523 545 31
46 76 46
28 177 53
264 301 69
166 245 8
499 269 31
45 0 76
177 275 15
549 76 80
434 264 99
236 509 83
317 196 85
242 346 74
457 231 32
215 371 44
597 556 77
78 77 19
540 58 27
112 325 28
103 126 38
373 588 40
26 248 96
132 376 49
464 544 33
69 329 67
59 225 35
482 505 20
116 280 100
266 238 81
96 547 23
44 410 38
526 141 64
8 147 11
192 168 43
205 582 90
491 379 44
457 412 49
112 114 87
311 28 79
437 477 6
6 399 5
27 446 59
96 299 90
26 256 92
320 376 15
180 414 40
576 228 35
124 196 55
401 168 29
244 415 69
212 292 47
548 6 50
215 22 27
473 594 5
409 328 12
89 344 80
162 209 16
64 29 18
360 30 65
486 249 29
32 330 1
457 409 80
546 580 21
534 4 99
78 542 100
298 382 84
58 241 78
389 308 69
348 412 56
182 432 26
278 5 10
375 507 87
585 26 25
529 59 22
407 246 87
22 382 46
76 101 71
445 298 28
426 159 87
431 194 52
29 69 40
450 92 34
147 333 50
210 185 81
586 23 7
132 131 59
115 485 9
581 171 61
61 470 87
156 281 87
268 491 27
232 356 15
84 145 69
448 31 5
168 234 12
316 2 95
136 483 5
531 158 82
328 356 66
599 150 99
201 441 13
191 55 65
272 111 91
512 166 66
431 465 88
112 489 3
386 113 96
228 4 99
74 35 13
465 44 84
347 402 22
349 3 76
231 23 59
240 362 1
242 488 89
387 517 91
451 203 35
544 313 26
141 403 39
26 64 37
34 556 78
402 467 55
276 49 19
390 450 73
395 515 65
302 148 88
82 218 35
594 175 34
88 390 10
480 292 49
352 588 48
358 452 34
430 592 8
562 314 15
458 292 30
392 364 4
503 47 19
374 461 24
362 339 12
294 443 30
122 240 77
375 271 99
311 31 48
413 79 51
49 557 49
209 571 99
468 306 12
265 563 69
45 266 29
39 566 59
350 362 76
305 196 18
434 393 99
187 93 69
154 248 61
135 166 30
349 523 78
399 465 60
108 137 100
33 168 50
20 466 14
102 129 12
147 323 83
134 264 57
393 460 16
42 448 98
591 158 24
85 33 68
142 59 39
587 472 87
336 291 26
410 26 25
131 231 60
582 428 87
548 229 87
58 580 95
182 140 30
186 108 72
49 46 25
234 256 53
162 404 18
60 16 78
463 395 24
341 497 2
229 475 68
71 590 45
366 330 80
227 167 74
364 55 100
190 14 80
517 56 11
314 207 81
182 192 59
521 566 14
434 171 85
251 40 31
394 560 29
533 93 44
355 245 52
175 463 53
162 288 79
257 309 41
63 247 84
464 237 86
213 108 76
181 210 87
466 287 82
127 498 19
18 473 36
587 245 25
362 13 90
465 246 35
272 175 36
66 369 90
349 438 5
372 452 94
362 266 97
402 282 10
157 542 35
498 78 70
544 510 67
490 83 92
427 598 42
15 365 79
32 367 11
39 358 54
196 86 51
378 590 41
477 311 4
136 377 59
318 63 68
45 417 12
368 96 65
257 77 91
198 325 45
461 193 1
75 522 13
500 598 77
123 558 88
580 435 39
532 318 91
575 210 37
507 272 83
145 242 41
510 203 7
0 47 76
494 250 56
269 188 5
550 20 91
255 89 29
547 12 11
486 42 81
361 458 68
223 117 75
571 32 17
557 252 71
160 228 3
87 304 49
252 500 91
445 307 25
218 70 84
416 259 54
449 299 8
177 509 39
36 201 34
384 71 15
217 115 61
534 136 18
562 591 28
580 198 68
179 295 98
570 532 91
214 593 33
301 273 33
260 501 45
24 39 16
16 266 33
106 388 87
1 269 39
266 337 49
178 487 90
505 120 2
351 249 7
408 510 7
394 66 9
18 284 24
235 503 64
344 351 73
107 397 91
85 433 21
125 392 65
564 550 98
468 396 27
276 233 16
422 567 23
463 520 59
358 384 59
529 179 7
409 143 62
9 124 97
288 254 49
299 453 58
567 519 45
63 582 11
516 11 65
168 578 2
23 277 72
183 126 79
481 480 79
547 286 69
507 514 71
480 291 50
41 0 92
593 228 67
466 200 24
226 424 14
9 554 92
105 571 44
592 223 35
311 129 99
553 421 53
185 569 25
434 61 3
494 95 53
52 405 7
556 25 97
19 308 22
297 474 8
65 543 66
443 568 90
467 178 87
30 402 84
236 202 23
586 222 21
138 285 60
521 398 40
53 538 42
506 303 58
156 572 86
94 31 18
528 13 15
228 236 2
8 191 11
130 577 15
239 61 4
316 83 78
388 136 10
493 168 8
139 560 9
543 56 47
74 525 44
161 79 1
17 559 39
14 558 59
548 274 37
569 176 64
119 154 15
35 197 22
397 502 61
100 116 97
260 117 20
180 204 87
187 537 30
477 167 73
546 109 84
269 535 40
21 122 7
24 442 27
283 573 6
353 162 23
121 61 39
153 433 50
267 159 17
164 137 31
7 149 12
360 152 57
338 440 76
452 342 67
68 197 68
40 583 85
354 325 25
66 425 21
62 271 19
216 513 3
563 289 14
95 426 22
186 421 19
538 65 9
574 357 23
481 334 1
220 290 81
149 199 40
548 73 65
244 459 96
199 595 62
160 258 81
50 355 27
372 411 75
369 169 55
595 37 71
351 506 52
524 79 60
551 296 13
589 89 18
412 495 10
243 453 41
518 218 2
327 15 60
208 509 94
384 429 94
98 270 9
577 57 35
361 211 28
492 160 72
568 345 62
165 490 14
414 319 50
536 587 95
420 177 21
131 172 52
397 551 69
454 386 5
42 418 31
517 163 46
72 312 83
230 472 82
343 352 78
2 262 8
263 434 25
231 552 80
102 146 91
579 455 26
287 221 47
456 345 33
140 561 45
478 590 58
516 173 52
579 279 8
331 313 26
541 380 64
195 289 65
321 396 46
69 508 49
118 51 65
293 97 60
359 80 37
396 54 14
93 423 78
244 10 58
511 479 80
72 90 47
342 504 21
338 406 50
409 525 30
157 367 48
188 406 85
299 80 33
307 310 8
583 331 60
128 345 32
308 197 60
53 154 53
180 347 68
90 189 62
94 258 61
162 577 7
306 375 59
431 212 20
216 241 44
593 209 84
53 254 84
110 475 26
462 578 41
270 223 71
502 318 53
80 535 27
165 148 91
94 55 23
509 216 58
259 369 21
329 412 56
238 123 86
298 46 43
44 547 61
240 420 50
384 192 62
578 35 1
486 105 89
168 393 5
130 84 32
591 126 100
524 155 2
303 59 88
256 571 4
480 357 55
320 459 76
474 1 29
512 272 85
72 156 42
449 476 35
48 301 62
188 372 87
196 595 78
102 467 55
469 582 21
496 582 67
51 486 14
54 303 93
268 86 17
403 154 29
344 69 84
173 386 84
474 549 9
161 344 77
219 59 47
39 581 60
460 441 36
504 312 47
452 1 100
204 176 50
94 276 2
50 80 13
529 575 60
354 552 42
152 350 35
242 522 53
42 219 42
170 358 48
156 112 80
467 133 73
310 302 90
427 148 38
85 214 23
454 398 51
525 482 38
536 18 5
430 537 4
397 137 29
85 132 54
434 203 13
269 167 80
535 49 67
119 534 99
204 9 51
122 38 99
368 400 4
340 198 33
184 80 41
513 305 66
414 480 87
124 294 97
512 115 20
455 151 83
185 189 7
87 154 24
263 314 38
338 268 8
430 341 89
428 28 19
452 131 29
81 576 92
381 149 20
212 410 13
568 1 70
394 589 34
531 402 93
187 375 66
84 30 66
256 82 21
486 365 17
267 598 23
254 481 25
330 26 40
452 38 10
403 242 30
59 332 41
188 492 56
481 516 34
214 139 31
352 416 25
577 184 47
122 388 67
527 28 28
33 538 69
439 279 39
489 249 61
266 104 79
246 152 13
460 487 68
352 319 49
122 313 98
350 543 65
330 431 84
136 70 42
375 404 55
285 18 71
471 232 41
63 64 49
344 97 54
168 400 96
517 463 53
34 538 30
466 433 50
277 89 70
593 132 21
381 347 61
448 284 63
452 125 55
374 476 54
128 287 31
321 355 49
417 445 100
483 305 72
179 594 57
492 43 71
205 599 5
381 596 50
425 6 66
348 383 15
7 83 12
84 268 93
162 388 36
329 71 51
548 386 53
538 121 40
494 84 67
259 404 92
188 209 57
274 570 45
389 369 60
372 154 41
478 413 52
201 238 52
560 123 55
387 500 31
545 87 78
184 198 31
506 154 67
275 238 56
567 110 99
69 451 44
281 61 39
119 229 93
391 224 61
6 431 64
180 575 93
450 296 87
81 266 13
366 478 44
200 67 48
54 512 68
129 391 93
163 172 12
346 268 10
525 53 99
391 236 10
61 510 38
241 164 14
183 292 88
169 79 25
461 273 62
210 450 19
75 137 18
218 120 17
450 521 92
451 0 12
284 74 12
159 233 57
511 360 53
487 152 5
537 417 42
597 158 37
522 139 41
320 54 54
77 62 90
377 366 69
183 353 87
367 249 62
142 522 38
136 19 57
496 508 41
446 346 17
221 77 46
266 282 77
583 384 14
498 155 56
553 487 46
266 127 87
52 302 18
518 11 30
48 188 29
358 447 45
348 303 47
348 174 32
310 428 40
494 371 30
110 92 30
524 15 9
378 441 55
290 243 45
443 35 45
362 0 82
514 90 12
265 191 41
305 405 64
196 192 94
538 432 96
191 104 88
143 551 33
123 444 14
170 578 68
341 5 52
151 72 32
503 375 56
363 190 50
81 163 80
192 26 31
524 446 38
451 47 34
347 552 10
391 363 69
8 267 78
76 300 92
279 313 48
565 506 13
64 32 53
215 93 17
280 86 37
594 548 82
242 410 77
309 225 83
179 139 35
304 254 74
119 329 60
526 116 92
169 15 15
93 311 97
502 472 50
547 351 10
497 73 34
291 227 1
265 322 79
321 226 44
420 444 83
282 365 83
510 309 36
384 561 20
314 522 63
324 458 91
209 127 20
336 60 79
83 547 76
550 0 58
485 589 80
273 537 98
316 358 86
175 561 8
439 169 29
482 442 98
345 492 5
428 569 40
335 507 64
7 332 95
238 333 51
349 576 21
66 71 97
455 306 71
45 449 52
531 55 59
110 253 22
419 248 18
249 295 56
289 410 13
461 507 6
441 360 45
518 166 27
318 287 50
228 206 28
589 482 76
57 244 2
145 375 54
143 573 1
216 479 45
190 313 7
554 102 70
331 542 49
362 584 72
539 130 89
228 266 65
495 460 89
47 428 8
481 71 29
161 567 72
157 56 56
245 8 5
526 17 65
531 289 51
29 573 81
231 340 3
26 471 39
448 125 36
450 244 13
570 516 56
397 394 44
389 434 55
192 569 37
540 123 34
357 170 85
454 121 19
202 455 66
410 229 88
386 297 71
244 558 5
59 136 68
473 31 23
532 470 32
593 108 23
466 586 46
572 115 27
425 583 98
31 95 43
436 433 20
7 372 78
390 482 80
152 385 98
270 576 43
141 70 85
347 546 73
341 586 94
236 476 86
427 393 62
408 412 94
91 478 52
366 58 63
305 1 82
186 364 44
354 48 17
379 505 3
309 212 7
595 202 12
23 204 54
372 288 44
434 29 35
506 87 69
86 197 39
384 415 94
11 244 21
120 536 73
383 341 43
127 386 54
153 462 40
397 457 63
76 135 28
97 88 83
382 374 49
340 46 78
358 208 52
322 340 99
226 271 96
474 33 13
132 83 70
26 517 8
413 463 40
456 269 12
202 427 88
447 143 53
102 172 78
596 566 41
129 191 57
69 320 80
57 78 79
54 224 12
390 290 81
486 490 89
567 103 4
503 263 44
446 325 25
462 308 93
530 401 16
107 257 69
264 226 85
138 218 87
201 420 28
271 494 1
250 557 34
361 393 31
222 270 91
478 211 96
32 452 20
435 339 39
43 202 11
128 117 52
13 332 98
432 420 69
98 447 20
50 508 12
462 93 44
24 245 76
424 48 27
396 525 61
64 136 82
45 115 76
139 50 39
163 143 27
55 401 14
232 235 44
176 68 12
435 326 74
59 111 23
382 354 2
311 9 1
325 10 90
245 576 36
440 281 72
221 21 24
219 556 80
341 322 41
293 295 23
294 120 64
350 557 23
160 422 69
401 422 17
397 277 7
407 569 34
406 166 99
413 311 100
341 461 11
233 424 62
194 359 28
301 305 25
260 74 35
374 44 97
282 2 97
576 329 80
451 567 51
501 381 13
44 511 89
526 530 59
54 426 76
368 74 81
100 241 79
436 588 81
303 207 26
543 199 48
315 173 97
112 108 59
417 91 32
122 502 15
484 56 8
50 51 3
526 490 42
543 3 5
463 228 58
92 167 97
546 50 31
383 296 66
533 437 66
473 328 17
247 519 79
443 517 44
270 179 92
557 36 80
174 443 72
222 195 30
348 162 1
277 129 50
186 482 33
259 293 98
120 561 53
378 181 79
272 465 14
13 346 76
389 111 48
37 324 24
397 594 56
504 326 53
556 221 68
204 568 33
217 480 21
382 19 99
455 72 23
422 289 27
342 252 41
261 250 33
324 338 65
68 456 76
492 92 51
275 573 69
357 558 55
295 246 77
568 457 18
329 358 30
153 587 43
126 55 38
274 197 97
456 367 98
382 181 11
36 573 37
520 223 77
505 540 43
241 172 74
216 54 60
38 451 93
413 226 84
438 218 25
83 69 97
224 218 39
140 12 73
306 131 87
83 482 78
273 12 94
313 377 41
442 511 32
216 317 67
47 389 21
415 224 58
80 285 66
495 129 15
403 257 3
175 324 23
221 537 53
362 263 82
463 7 29
159 524 42
508 513 29
267 574 97
416 22 93
200 437 88
343 72 60
417 216 50
349 211 7
256 484 85
441 483 56
337 513 98
7 109 70
259 254 21
23 510 66
251 82 94
61 489 50
252 207 3
556 112 81
519 10 35
178 544 51
351 160 72
77 582 54
298 163 25
338 546 67
6 88 99
88 194 10
446 11 83
233 585 27
344 402 96
396 24 91
587 313 64
81 185 41
177 383 35
217 62 12
345 560 8
322 372 16
578 109 66
515 197 84
151 215 9
78 41 21
557 461 3
548 460 32
516 402 51
29 44 95
336 136 48
470 104 7
563 197 52
119 107 94
399 92 27
276 345 49
530 180 88
102 154 96
433 111 98
496 372 13
486 284 13
371 257 36
281 79 68
20 518 18
47 266 56
558 539 100
346 265 90
518 280 13
179 125 29
457 319 4
471 490 80
99 207 59
480 545 72
549 219 84
189 506 49
224 155 57
446 163 30
181 174 80
291 66 94
507 57 76
36 291 61
571 198 56
431 132 62
372 562 92
177 504 87
79 391 51
347 416 91
356 69 95
419 159 88
339 591 51
154 377 90
265 303 54
526 494 66
34 290 12
552 433 52
474 284 10
530 287 43
509 385 39
382 125 40
342 478 4
289 39 62
109 291 39
59 378 14
373 396 63
461 221 27
169 162 44
374 274 97
230 204 38
388 73 11
435 126 49
190 440 13
200 25 21
441 79 11
487 137 45
544 298 9
69 472 30
302 14 67
352 248 33
48 593 54
17 300 33
62 2 48
299 107 37
146 247 79
133 561 46
166 561 98
434 94 9
572 14 14
528 422 24
398 419 55
67 68 70
434 126 84
59 161 21
93 60 66
164 226 7
396 482 19
169 553 78
145 206 9
268 134 16
140 178 42
47 588 44
116 361 78
475 92 56
144 356 82
547 123 2
580 119 96
61 156 37
110 104 81
592 87 77
501 362 6
406 195 47
460 580 8
201 131 33
189 562 61
364 212 15
591 270 29
521 245 9
500 63 51
259 367 74
202 126 89
474 388 3
167 386 40
402 146 77
522 97 24
545 301 87
122 323 69
569 304 99
30 93 72
241 579 22
488 572 24
322 591 94
500 595 8
136 467 77
370 363 58
424 476 21
326 48 72
228 568 55
532 25 30
497 114 58
505 209 25
371 18 33
192 586 97
150 456 36
287 112 18
285 239 84
551 85 26
105 351 78
290 280 7
396 35 77
148 55 6
484 290 72
413 285 9
177 35 14
558 168 80
252 87 85
133 293 30
508 391 42
501 436 8
402 48 99
577 120 85
590 207 88
45 51 97
427 584 78
471 545 8
296 30 10
442 153 56
125 307 98
303 533 89
332 377 18
339 75 23
262 540 41
155 463 33
222 223 8
221 436 84
382 347 88
113 332 12
325 389 45
208 62 51
595 126 12
144 300 93
326 21 85
270 172 78
259 47 46
121 350 54
355 455 46
364 58 17
478 203 88
137 386 49
131 107 31
35 234 64
310 227 25
510 33 68
355 64 2
156 229 74
93 582 55
391 255 22
143 233 88
382 187 36
424 198 45
345 416 62
138 57 75
144 595 41
232 453 76
214 234 100
3 122 91
217 110 3
52 280 51
206 584 56
310 78 88
92 46 55
387 455 94
2 196 19
17 215 36
142 9 23
328 205 29
36 103 73
45 8 84
447 4 65
545 15 39
383 295 94
319 90 90
531 22 7
500 262 35
515 547 70
135 287 12
525 484 20
56 34 12
536 529 75
171 568 78
49 540 15
257 29 47
322 397 53
472 248 19
73 44 29
558 496 75
226 599 2
91 26 79
14 236 54
53 125 46
576 284 16
262 35 24
437 349 49
16 569 30
236 376 20
337 488 5
257 23 56
36 398 51
234 84 42
323 107 100
89 319 34
463 580 42
376 515 46
33 150 33
183 345 79
433 444 93
545 534 92
148 360 75
585 209 38
444 228 58
117 229 1
530 463 91
45 129 9
290 253 82
431 483 53
464 585 19
101 245 1
384 142 80
445 167 21
308 73 24
500 289 13
348 520 45
487 387 10
596 141 29
1 333 31
118 588 54
161 594 60
470 451 59
404 458 58
448 316 31
9 254 26
118 75 63
180 465 10
50 11 68
488 98 90
341 595 10
35 218 95
216 290 69
56 300 50
148 528 21
484 325 24
560 589 84
11 567 96
584 300 57
61 327 50
49 412 40
494 238 28
535 494 23
194 190 12
326 500 100
304 289 13
295 548 40
267 171 47
415 521 56
311 562 22
465 80 14
209 293 22
579 7 5
395 394 38
421 527 69
207 321 7
527 521 91
99 216 30
537 223 75
393 15 55
462 168 11
506 237 100
434 372 63
514 592 15
119 374 94
101 479 19
62 354 7
429 235 27
111 216 92
67 162 29
319 164 80
281 347 23
467 140 25
206 253 38
131 346 19
322 589 5
501 579 39
285 407 22
511 156 80
325 106 71
56 530 73
565 461 78
128 428 77
192 127 64
121 81 31
41 104 10
280 275 94
293 174 92
512 138 76
351 23 59
592 277 28
227 462 10
105 373 27
394 136 72
285 93 95
464 58 96
589 51 49
346 124 30
192 133 74
257 64 40
233 368 33
508 557 39
240 22 65
69 152 36
564 429 66
500 442 78
183 528 10
160 168 82
573 7 59
484 334 44
537 211 29
278 561 39
161 365 35
490 245 100
580 138 24
83 398 89
384 585 80
547 581 97
192 161 39
437 504 19
305 495 96
245 333 74
491 376 83
496 367 58
314 96 55
513 454 1
427 553 47
57 502 56
275 112 93
72 313 99
455 18 81
188 71 37
484 421 74
213 376 86
309 369 33
307 249 8
312 192 79
88 72 30
220 433 47
276 382 61
39 117 80
59 60 3
535 542 78
393 80 33
362 421 92
460 226 9
195 589 96
123 463 19
394 171 35
309 93 36
472 26 75
24 431 64
549 261 93
83 273 24
459 364 26
243 478 24
437 513 47
403 493 70
414 251 60
535 382 54
261 93 61
271 188 23
591 426 88
264 40 7
567 272 30
100 595 96
34 474 63
263 113 80
470 101 95
374 98 32
331 115 80
275 89 98
579 3 36
430 374 1
167 121 53
79 184 78
120 387 26
339 428 61
480 508 5
410 272 35
509 301 13
232 439 65
78 82 87
114 300 61
330 207 82
425 412 23
142 219 46
1 594 5
438 253 43
87 151 97
513 101 32
104 162 96
411 80 20
509 489 97
209 524 77
267 572 49
317 251 62
16 485 23
212 573 7
278 293 13
493 192 5
403 259 59
392 199 76
173 567 11
287 598 29
223 431 51
395 402 58
2 281 48
582 103 16
95 345 92
449 22 19
0 133 28
0 138 16
586 519 43
575 93 84
334 550 90
347 499 34
489 243 80
222 581 76
266 505 9
197 249 85
540 378 61
411 403 95
355 196 74
489 503 85
263 267 48
204 17 68
342 106 51
526 88 7
586 54 72
411 157 60
424 502 76
472 302 66
46 301 85
422 142 82
68 585 94
318 108 5
201 264 65
503 367 100
390 476 97
409 121 43
107 598 12
52 573 30
91 426 34
301 537 35
262 550 98
39 190 10
563 144 53
311 380 32
418 585 41
43 81 50
179 410 63
582 210 29
72 529 34
262 75 94
334 273 10
347 57 75
289 9 64
291 11 52
18 312 96
364 407 50
410 28 18
384 288 3
163 111 46
517 458 35
267 222 40
388 33 27
449 34 89
443 136 29
68 465 34
539 514 45
569 308 10
595 46 72
307 252 65
212 527 45
550 70 73
369 117 13
386 277 22
404 413 61
358 393 4
31 171 91
426 83 10
135 296 54
297 516 95
302 137 59
436 549 71
21 399 22
416 488 45
496 518 56
502 464 47
401 428 16
487 250 53
2 19 36
505 224 97
172 180 21
430 533 52
110 207 99
175 485 39
210 198 46
260 569 84
60 31 54
448 366 88
388 482 10
406 57 94
476 336 24
421 252 69
437 519 19
382 351 11
229 484 45
172 170 65
44 328 86
240 299 35
14 455 67
343 385 33
517 316 21
299 145 6
288 356 87
110 370 2
282 378 100
23 595 40
464 217 40
505 378 10
412 242 70
110 162 45
524 190 27
406 490 25
222 496 29
553 86 23
407 93 53
549 119 54
586 356 93
404 569 59
15 482 26
183 361 58
104 292 67
436 161 8
247 431 2
336 210 92
554 246 4
126 130 25
313 45 61
332 432 63
573 396 85
516 177 38
309 109 11
73 553 62
345 391 84
417 447 99
245 548 16
475 583 57
589 115 44
519 272 76
456 306 84
349 271 73
67 479 40
138 486 60
81 525 77
368 174 45
297 488 85
399 206 8
554 403 65
169 592 32
46 493 9
559 240 90
317 239 44
70 374 83
25 255 28
369 450 24
256 74 11
590 169 1
32 317 80
12 120 67
33 562 77
336 58 19
323 55 48
247 67 73
49 534 45
87 301 71
444 225 48
462 116 3
539 404 30
190 502 100
448 163 48
511 81 89
175 475 30
19 438 75
319 297 20
237 289 88
486 405 40
104 341 74
562 428 64
161 270 4
395 599 70
461 372 53
286 180 7
527 561 60
76 571 4
49 301 61
150 572 78
328 63 35
366 335 55
355 58 5
134 411 54
526 371 37
318 45 27
153 501 24
9 574 35
106 331 46
106 77 22
403 29 64
528 472 41
525 474 20
227 356 65
495 416 40
449 467 29
67 191 93
269 341 77
390 1 51
133 571 66
462 314 35
43 554 74
450 246 24
477 399 18
40 241 34
540 293 48
491 230 71
187 237 5
578 347 35
66 366 88
51 321 88
51 357 35
82 447 45
211 126 28
59 313 25
79 389 70
58 141 13
565 5 100
309 123 86
41 396 79
408 428 64
311 444 37
313 263 69
208 22 49
354 463 7
359 472 21
365 94 77
107 412 79
44 469 57
127 283 100
39 290 58
75 69 20
59 339 26
68 35 53
312 265 10
80 91 30
44 399 31
45 54 65
351 556 46
109 583 48
17 579 57
311 128 5
536 98 60
531 312 82
568 546 77
229 23 75
417 149 62
64 374 83
579 309 38
456 36 57
398 66 17
74 510 18
377 307 75
599 231 34
506 69 89
49 248 51
78 60 62
298 138 66
492 182 49
454 589 30
250 580 19
295 356 77
592 589 23
433 426 71
208 570 28
54 132 71
402 58 50
259 411 100
244 447 98
20 165 8
167 61 33
252 26 5
202 324 87
494 230 49
55 386 14
248 1 3
339 232 51
178 45 91
333 243 18
457 33 77
233 104 4
292 469 25
386 337 18
255 2 2
379 327 79
223 214 30
282 31 12
498 161 56
286 208 31
67 326 60
310 456 55
571 399 46
327 28 69
465 37 95
256 14 61
458 199 12
426 446 32
440 416 75
153 168 97
93 362 99
482 32 42
188 313 41
358 100 59
371 453 19
416 219 12
227 100 51
560 51 75
348 538 44
381 170 43
561 489 2
533 478 48
423 139 29
381 532 29
594 135 59
15 419 7
117 37 51
446 492 20
512 4 68
177 326 56
216 137 58
299 176 96
269 308 60
227 590 54
561 376 55
560 93 50
307 117 83
148 550 8
62 152 36
189 257 44
402 522 40
33 565 24
235 311 4
586 565 20
287 49 96
458 44 92
347 215 5
274 463 7
349 158 36
29 242 24
544 228 33
466 419 7
424 573 22
87 117 53
584 251 68
170 504 8
284 453 64
398 560 30
306 582 80
588 380 21
488 126 21
280 567 22
52 391 17
558 256 49
397 63 2
79 125 85
558 59 60
327 359 29
546 102 56
103 144 47
555 161 61
483 368 45
310 529 81
436 146 94
475 37 2
12 413 88
391 23 57
109 376 48
62 38 18
236 55 5
102 145 5
14 337 45
233 86 32
245 316 94
427 194 79
378 563 78
557 275 77
427 199 96
23 271 84
138 332 70
46 361 4
518 446 38
511 164 5
263 498 71
330 446 27
513 592 93
215 271 55
329 323 86
152 296 65
563 168 62
597 176 50
122 397 88
95 67 2
394 488 84
207 280 56
205 462 9
150 363 93
50 482 37
263 127 64
90 118 51
517 441 4
569 579 14
123 88 67
184 418 41
513 561 32
150 44 22
135 59 88
545 110 94
75 374 57
370 243 23
135 17 32
541 436 90
294 371 23
112 362 16
271 22 23
454 407 55
28 187 81
464 281 38
506 352 65
425 555 28
568 215 53
529 33 44
62 228 37
493 378 94
292 200 71
485 347 17
2 289 1
357 315 55
39 446 20
435 473 31
4 464 14
432 282 6
522 146 54
282 176 20
91 372 29
220 488 81
73 214 47
296 514 57
498 167 87
157 90 27
456 41 17
385 250 52
52 354 63
245 4 34
444 534 92
179 233 9
438 72 13
572 499 38
293 250 36
310 410 70
40 516 24
381 482 83
365 186 93
446 463 67
274 458 80
459 34 6
499 429 98
152 85 27
444 60 62
51 149 43
203 185 2
7 113 22
65 206 10
401 480 45
130 153 17
164 188 66
54 13 34
323 133 73
193 242 42
166 483 33
463 248 86
119 489 63
436 199 62
342 421 81
79 255 50
148 517 36
38 125 98
156 513 2
302 299 18
30 509 21
118 28 16
24 501 1
505 389 17
398 258 69
534 251 67
257 350 51
438 276 61
100 252 56
31 218 81
223 503 45
197 289 67
582 181 5
44 585 100
220 319 46
135 383 36
226 328 45
429 83 83
69 563 34
317 429 30
313 545 23
317 270 41
103 466 6
513 412 26
140 291 76
466 454 3
559 522 73
145 180 100
335 23 25
278 90 75
203 108 15
196 30 41
404 313 99
379 474 74
154 432 83
297 175 15
545 79 6
392 351 76
373 139 63
405 545 75
172 377 48
281 484 27
197 196 54
318 284 48
285 164 67
7 429 60
585 588 74
123 53 54
100 368 47
360 350 40
42 136 31
413 322 10
126 149 19
597 261 17
304 508 7
378 25 79
371 506 91
261 162 60
212 235 84
406 213 3
595 348 55
383 165 61
100 50 76
342 211 91
509 491 55
491 497 34
189 417 83
115 208 78
275 173 31
127 117 69
231 362 74
538 237 57
488 500 12
5 107 13
536 131 15
339 164 49
296 468 60
113 233 36
125 59 98
258 581 94
456 378 74
258 546 58
276 22 72
113 501 50
137 21 47
371 596 48
446 6 95
419 393 68
179 236 63
97 553 55
427 576 73
149 38 30
210 520 58
535 305 87
396 272 37
412 448 2
288 346 27
217 416 40
155 529 11
1 151 43
107 187 97
465 63 43
139 546 18
406 302 52
60 511 4
561 219 27
159 10 58
581 479 3
557 222 25
198 221 71
359 494 97
578 307 14
254 136 81
100 390 34
185 462 15
241 185 15
220 436 96
464 439 32
195 536 14
140 146 44
3 457 61
49 118 71
331 422 83
594 29 19
203 51 80
387 530 57
492 540 66
591 178 89
85 482 95
45 550 12
460 331 7
252 492 32
463 2 21
384 101 27
504 500 14
334 29 75
38 534 25
317 542 31
165 227 14
15 459 16
387 366 9
266 564 76
269 486 26
242 528 41
447 412 99
392 17 43
72 138 20
160 559 54
414 405 67
555 597 23
20 362 38
3 257 47
16 443 79
151 575 73
11 546 18
107 166 27
105 556 49
435 280 31
594 142 34
272 215 88
77 65 71
131 295 43
427 497 51
384 405 19
265 83 42
30 147 96
154 182 39
66 344 87
338 487 38
101 596 73
136 203 7
75 239 88
319 58 46
585 591 65
578 322 66
398 307 52
562 173 61
150 21 75
114 367 7
96 50 56
311 443 31
447 31 26
243 104 90
243 6 5
381 146 28
507 441 68
538 22 94
334 212 8
57 523 57
70 474 65
388 144 91
301 268 81
100 551 17
286 479 99
292 339 3
256 169 87
544 506 14
388 468 21
562 210 44
278 161 59
8 301 5
82 14 56
370 588 78
149 328 87
54 393 55
149 129 70
462 96 52
91 568 100
242 483 73
243 111 11
80 466 72
257 489 23
566 46 5
385 183 29
236 395 60
530 285 91
353 598 67
137 126 31
545 94 8
122 431 51
595 25 17
122 74 19
221 228 72
408 582 18
38 4 7
344 14 96
94 309 100
442 207 12
393 504 82
389 364 40
260 489 15
487 78 7
408 91 42
567 130 7
371 259 95
117 227 79
279 175 24
100 339 84
456 55 20
567 506 41
71 408 55
72 307 85
552 10 57
88 442 25
492 289 38
256 226 48
384 339 13
531 508 5
300 84 61
345 230 62
568 394 92
1 290 28
514 261 38
247 394 74
105 404 53
366 289 72
593 568 68
305 270 16
557 307 39
75 488 36
71 166 74
509 196 42
234 261 15
182 356 38
344 268 71
585 503 51
577 380 4
283 270 98
574 250 31
363 34 64
346 408 95
427 42 80
487 225 35
162 542 54
410 51 30
223 433 96
532 443 63
32 299 90
176 188 100
474 486 15
568 22 5
247 244 78
159 288 98
310 209 71
474 518 49
185 428 8
282 156 43
406 124 36
376 39 47
593 470 10
128 568 81
7 304 92
466 593 1
568 358 94
509 370 30
507 94 45
568 19 19
90 274 90
205 137 34
402 285 59
366 520 36
81 426 33
529 71 85
203 191 66
299 338 27
512 473 100
397 555 51
313 82 89
148 500 27
152 84 52
510 294 2
32 534 30
222 198 30
309 352 47
25 590 35
434 418 95
5 315 17
475 282 7
13 472 30
447 151 77
497 307 11
135 225 89
381 424 59
591 445 79
573 393 75
317 275 88
173 217 49
528 574 52
356 317 34
505 410 79
2 90 13
24 544 67
560 216 39
549 565 88
396 25 20
367 555 75
514 148 99
408 540 66
340 40 37
474 160 91
417 424 15
265 497 54
89 462 21
109 62 93
303 509 92
519 348 91
42 38 88
442 236 5
363 73 60
307 598 90
172 192 11
124 59 4
584 163 89
463 487 58
570 598 64
319 443 80
352 410 17
585 552 13
143 263 25
184 490 79
158 263 71
179 77 57
89 590 1
581 425 15
76 16 2
159 81 5
367 597 6
59 492 6
560 319 72
594 117 99
340 91 76
389 439 64
272 76 35
274 24 38
21 439 1
55 342 18
308 56 88
60 88 67
460 261 66
182 562 29
486 443 83
504 457 70
429 111 83
308 161 13
202 162 10
172 568 23
377 276 52
263 422 37
101 510 81
2 230 87
330 453 9
351 102 38
373 297 58
367 491 26
276 165 81
183 557 81
100 18 84
518 102 38
172 555 61
13 583 51
582 504 21
12 148 17
1 112 88
247 392 18
484 439 5
509 496 30
216 529 79
447 138 44
481 108 96
31 340 5
73 260 33
145 164 20
590 453 75
578 112 87
361 596 75
459 33 41
238 57 58
48 286 36
329 117 48
347 170 19
165 323 75
185 469 68
546 234 10
489 265 91
149 245 97
502 418 19
298 45 47
109 37 87
46 268 32
47 272 6
452 484 32
125 409 51
153 306 95
582 561 52
17 451 67
292 71 37
18 267 99
461 593 47
24 437 56
589 299 31
95 533 85
313 100 62
402 27 38
559 442 71
160 107 44
557 309 63
411 483 90
484 333 3
141 338 31
59 184 21
459 176 45
267 421 38
422 216 97
141 487 93
30 177 22
461 499 3
271 296 46
163 263 62
438 114 96
313 552 1
30 475 8
514 203 8
425 381 78
71 169 80
354 560 28
482 290 85
507 181 23
285 336 42
457 132 46
323 234 18
411 364 60
286 436 10
119 256 66
76 475 97
416 174 98
214 480 52
408 539 67
280 576 79
284 9 70
341 187 11
258 149 62
284 511 8
80 61 92
161 209 16
393 130 76
22 392 55
165 53 83
35 331 66
295 565 70
95 477 62
141 436 12
165 315 73
16 387 12
253 152 54
137 445 20
9 258 9
551 314 2
488 405 50
456 317 61
426 208 17
506 111 4
159 484 14
547 175 72
452 202 71
450 513 5
411 402 5
7 369 74
344 562 85
240 328 31
114 281 99
13 212 86
280 551 39
235 324 59
481 16 12
24 168 50
371 123 71
59 166 17
102 272 49
248 523 95
558 126 65
144 372 60
38 362 56
29 254 8
255 206 95
323 407 22
401 165 31
547 592 24
520 353 70
68 540 15
360 32 73
379 53 59
176 593 86
178 235 10
442 305 84
567 113 54
295 490 53
142 175 47
298 528 29
596 459 34
542 188 94
19 137 65
298 250 90
113 112 85
467 141 30
401 53 12
463 101 16
15 71 48
103 357 79
530 264 30
18 72 28
0 519 8
495 43 45
505 563 3
191 301 63
241 209 41
359 270 78
451 558 26
92 566 21
159 501 84
63 25 29
8 104 9
493 458 79
9 596 2
541 285 26
163 461 26
195 366 29
223 315 79
1 559 87
503 128 16
151 291 98
46 567 73
579 266 76
521 590 66
449 480 77
33 3 27
122 84 34
427 470 43
161 38 94
395 153 72
207 395 12
284 64 22
198 561 25
325 268 99
206 67 11
279 39 71
484 227 34
6 432 44
512 283 81
126 13 28
178 371 16
353 90 13
407 531 2
46 207 26
94 471 37
69 121 4
537 191 36
460 373 5
298 405 26
262 174 82
165 432 53
295 71 77
531 494 75
48 144 13
392 462 16
551 42 23
65 550 95
318 435 21
262 42 62
521 459 12
311 313 82
153 563 97
521 309 19
192 599 34
105 363 70
560 300 1
459 217 20
445 359 73
112 30 12
99 53 19
563 500 75
552 254 16
289 550 42
559 333 67
143 158 58
330 170 6
48 535 22
447 0 6
272 589 59
446 105 87
211 160 30
371 142 93
365 139 87
158 240 19
441 448 44
110 413 97
291 69 90
404 205 28
373 70 92
104 422 92
349 120 17
71 89 25
370 312 23
344 71 38
127 24 62
73 576 72
245 97 96
207 72 96
386 44 21
167 104 51
328 264 4
187 156 21
326 147 13
478 265 3
302 80 39
269 103 28
333 288 47
442 490 25
468 226 2
419 123 37
413 540 11
450 182 24
24 156 50
88 117 68
344 557 12
45 182 33
144 272 11
404 192 92
29 486 45
388 389 10
310 121 2
71 483 97
243 475 83
90 337 17
80 26 7
454 409 97
83 155 48
138 498 32
323 573 98
502 204 72
74 522 38
292 522 30
292 251 15
555 53 70
465 474 42
573 21 23
65 92 2
368 451 46
171 357 58
94 361 59
33 16 2
535 29 7
184 251 99
409 416 45
198 186 56
32 511 6
389 117 77
216 175 81
161 356 87
331 310 7
115 105 57
316 405 22
113 253 44
569 5 26
555 392 72
154 88 19
244 399 77
391 457 53
559 501 73
450 543 17
317 322 6
189 505 11
433 412 56
10 465 40
558 342 65
511 486 16
41 99 43
396 539 90
49 224 53
426 182 11
378 85 22
416 370 43
477 515 98
352 186 53
169 243 87
160 265 22
274 321 4
193 219 78
345 157 2
486 529 33
301 424 8
504 256 43
234 355 56
330 90 66
83 421 28
255 324 13
498 246 38
426 478 6
483 469 10
20 100 22
160 241 39
359 318 41
320 328 78
370 80 63
271 197 90
193 176 1
514 364 88
156 558 51
272 101 35
354 264 43
503 453 81
160 202 27
574 24 85
553 357 93
591 522 71
158 153 51
11 48 3
562 6 33
99 320 56
521 24 65
394 431 30
23 418 59
326 59 64
507 576 51
374 227 80
339 173 9
367 88 35
544 284 29
496 328 4
546 82 100
318 60 18
360 149 27
85 391 56
510 354 64
332 165 29
52 154 23
329 541 52
576 61 50
454 382 27
157 215 78
596 24 40
174 118 2
30 516 30
533 89 22
230 24 42
441 137 28
17 368 94
547 456 28
215 71 29
495 508 4
114 77 59
267 498 82
274 557 21
60 439 67
494 146 70
172 268 42
481 36 90
223 438 23
113 367 35
271 141 77
263 166 7
349 428 77
499 351 53
224 395 72
583 516 92
151 31 50
94 409 54
210 309 73
495 411 43
210 436 90
14 89 22
587 373 11
412 512 6
292 483 40
241 222 86
521 310 16
2 261 79
334 144 80
424 279 68
378 595 42
58 220 37
299 556 94
104 377 77
102 203 72
527 109 31
463 43 6
144 75 44
349 140 69
8 211 31
408 251 84
252 259 54
461 506 72
345 330 77
193 422 57
596 83 21
63 598 6
587 54 16
281 169 50
199 241 1
326 585 9
181 71 46
396 511 36
293 330 26
144 449 4
470 575 92
381 127 72
187 489 73
263 392 72
392 53 68
312 229 62
507 193 100
262 563 97
128 399 1
149 241 47
568 195 47
164 333 73
269 549 39
584 249 65
195 171 3
512 498 11
34 297 78
531 376 74
186 64 78
282 479 41
556 171 14
105 263 4
286 266 3
79 499 68
222 379 70
541 31 82
262 242 69
30 3 3
68 342 48
151 504 69
410 131 1
170 324 48
355 412 71
435 159 98
180 508 16
379 127 57
75 539 16
42 386 42
448 380 9
174 277 98
512 443 97
161 9 26
506 127 67
339 97 33
475 264 48
529 546 19
86 81 47
147 23 90
545 107 8
186 208 87
386 475 87
589 168 23
88 466 29
286 566 72
359 412 96
467 463 74
202 53 74
359 163 64
562 330 11
170 310 6
180 161 2
34 499 51
368 147 76
42 205 23
111 144 16
352 512 98
392 352 73
446 277 79
236 39 91
363 549 91
499 216 33
529 267 5
172 471 62
140 129 77
367 158 94
88 454 15
499 99 19
575 152 94
480 79 97
230 470 64
358 227 69
248 305 27
38 216 10
287 0 53
383 459 67
355 342 75
270 10 56
466 61 8
184 290 64
452 415 91
69 339 30
170 338 74
371 219 7
397 257 19
7 5 8
430 302 30
89 447 87
544 292 96
12 389 83
215 199 48
46 3 28
392 277 46
369 418 43
382 598 6
325 94 61
266 27 22
556 503 26
359 250 69
157 393 83
545 514 67
598 417 10
28 73 36
331 10 27
499 588 33
408 134 25
575 546 44
599 40 44
513 183 3
494 454 62
338 20 19
381 94 88
527 241 29
392 163 80
306 41 57
79 143 30
254 431 52
72 480 13
567 330 52
480 333 4
441 175 49
20 587 9
93 403 81
238 473 61
492 424 92
233 247 29
245 45 13
485 237 54
567 485 68
188 528 18
125 64 91
508 564 70
567 440 67
465 401 69
282 332 90
425 318 14
340 332 59
288 77 8
34 537 10
157 86 34
267 154 10
136 125 33
243 233 82
288 572 48
225 500 69
7 513 1
403 459 67
474 446 83
549 505 41
156 554 10
355 14 48
461 345 20
63 302 41
560 70 53
451 495 94
434 170 74
225 495 42
404 374 4
99 437 66
253 521 65
274 320 68
148 93 51
259 288 46
189 297 49
595 395 56
504 181 92
125 515 13
315 424 84
451 519 60
319 107 80
423 351 50
468 41 15
293 118 97
163 563 72
478 556 21
418 135 48
141 521 34
373 471 20
577 291 57
102 197 50
114 110 3
52 307 61
294 27 65
301 217 96
41 452 30
91 147 24
75 270 96
52 141 15
162 477 80
212 476 88
10 188 86
484 81 25
327 588 37
218 63 100
540 355 99
251 467 15
488 584 84
269 347 16
53 408 87
84 21 1
80 243 28
307 223 89
455 74 80
572 41 74
267 9 93
181 310 36
41 417 90
420 519 33
176 584 27
16 91 3
459 47 36
371 542 72
94 143 53
318 456 21
335 385 94
398 365 59
527 260 17
397 527 91
74 182 63
130 123 13
206 188 46
291 536 90
259 583 74
228 203 94
476 354 98
207 505 45
94 315 21
223 362 68
342 171 28
592 451 26
273 250 97
253 123 16
117 35 59
330 547 81
255 146 80
2 544 95
550 114 93
589 161 46
223 89 75
180 437 28
407 179 10
370 229 40
439 561 22
151 101 89
312 283 36
298 370 31
141 568 88
55 182 85
226 583 63
501 507 78
542 222 39
588 126 43
504 124 69
101 97 31
596 237 90
317 313 27
129 541 39
375 458 36
36 394 35
348 528 84
427 57 15
170 389 88
544 588 50
301 539 56
495 365 34
372 25 51
384 45 5
371 0 82
30 164 95
157 160 32
111 584 32
332 161 71
79 43 91
70 202 12
230 559 92
330 546 84
141 181 93
557 311 46
286 568 21
195 22 7
378 547 48
157 161 21
355 470 93
199 113 56
259 276 40
229 256 91
235 89 55
425 503 49
98 8 80
117 17 39
261 439 40
251 472 53
489 237 53
299 208 75
549 314 71
285 422 80
397 163 84
163 393 24
373 597 43
186 252 24
361 300 29
264 263 53
454 24 40
544 387 76
58 304 65
478 434 21
269 359 53
279 394 1
337 430 52
397 372 1
297 555 75
177 71 90
337 193 3
175 126 88
363 186 37
293 575 8
396 413 37
303 450 78
562 113 20
514 329 34
416 461 40
304 301 53
214 357 93
358 523 34
457 38 82
95 228 88
352 252 44
580 484 33
479 197 75
372 152 59
264 484 19
378 542 99
375 582 9
71 83 25
506 409 95
36 329 74
292 121 84
558 356 11
103 533 12
521 428 45
516 288 52
233 281 32
171 353 12
206 440 99
326 6 52
262 408 64
531 520 43
494 551 94
275 365 77
575 249 38
94 37 71
475 575 88
466 371 15
380 101 64
359 593 18
68 309 21
43 247 88
119 226 8
46 495 33
363 369 4
377 304 2
201 579 36
570 91 19
433 170 65
353 181 62
465 182 1
515 226 64
131 94 43
152 51 52
337 503 16
234 49 43
202 165 70
498 43 91
450 260 67
169 195 25
244 81 5
530 495 63
455 187 24
544 248 67
152 500 100
388 38 30
444 397 45
243 276 14
446 123 63
300 526 42
494 107 36
567 201 84
352 242 8
469 279 70
243 589 62
41 16 10
593 292 74
2 516 76
379 224 41
422 375 17
380 554 100
26 487 24
126 95 6
378 167 100
129 392 28
181 119 52
317 419 19
238 533 62
336 156 65
319 363 25
508 226 51
185 226 92
233 258 71
421 210 89
323 578 59
396 5 58
490 441 83
500 44 86
550 473 76
391 202 34
372 559 37
589 313 81
74 104 64
2 582 27
162 47 75
362 298 91
247 238 60
547 252 8
437 531 18
577 581 8
104 310 3
2 533 79
462 441 39
492 250 63
274 589 7
524 86 69
354 185 66
334 191 76
561 348 94
242 233 27
367 31 18
98 423 77
362 487 19
39 502 43
205 502 47
240 241 60
138 361 38
99 562 91
502 52 68
249 359 52
548 80 99
423 517 31
16 517 29
324 84 52
313 68 12
213 549 69
264 506 49
271 504 86
502 150 90
320 105 91
73 390 4
118 488 26
104 474 88
180 81 56
467 180 81
585 199 16
74 317 10
474 400 97
310 73 26
426 509 49
510 488 88
493 206 3
381 80 21
8 500 86
154 169 34
280 520 40
564 485 43
73 524 74
17 234 57
498 187 70
430 344 81
570 366 45
168 282 81
530 119 30
565 544 24
427 292 14
485 14 73
591 246 45
587 99 38
522 430 10
491 281 37
370 597 52
50 528 72
574 588 55
121 370 91
359 441 39
495 28 2
308 508 34
54 448 71
547 22 6
432 230 51
323 536 93
500 54 28
228 581 57
169 153 30
349 566 30
540 13 84
209 33 29
103 517 50
238 317 36
120 310 71
489 199 22
229 431 83
244 336 25
203 216 51
285 6 25
486 465 90
472 149 97
195 232 67
583 48 12
42 554 36
58 153 22
216 86 43
488 36 78
230 43 62
431 282 4
9 451 10
408 175 57
418 491 39
171 199 57
187 215 91
27 16 3
359 125 12
562 79 56
460 99 98
15 276 7
405 118 40
378 310 69
36 388 45
288 458 86
202 145 41
283 398 23
142 239 1
60 497 32
263 389 11
225 25 5
591 154 83
382 243 26
92 375 40
514 477 92
202 110 24
105 382 62
491 100 24
502 389 6
499 425 84
128 259 93
79 70 58
456 158 92
156 5 67
276 172 63
550 79 12
323 347 59
188 500 8
473 582 13
84 577 55
423 534 19
205 507 8
21 131 7
286 243 72
358 371 29
559 84 55
219 284 19
175 354 87
474 547 46
333 53 1
89 362 36
527 43 62
346 76 70
271 225 27
348 210 15
75 443 73
13 370 51
507 340 21
12 97 64
61 163 92
92 277 51
11 252 18
236 575 1
65 214 77
241 330 8
588 59 84
206 490 66
460 378 45
423 309 54
2 518 79
409 558 21
144 178 75
301 472 18
598 583 74
212 37 19
552 362 47
3 433 41
436 143 17
34 108 70
279 489 97
448 524 6
41 276 71
412 568 15
584 181 60
473 203 76
35 157 41
387 33 98
552 48 52
280 49 81
517 392 16
462 520 1
137 165 31
49 220 38
376 579 23
324 557 88
576 425 100
557 134 13
19 67 75
433 120 46
230 383 9
79 144 93
474 108 78
501 336 70
532 305 57
446 1 83
3 278 60
190 177 73
147 286 55
160 15 30
524 594 52
201 318 41
34 415 35
408 518 62
173 425 67
590 596 90
131 401 49
411 541 38
85 172 95
38 90 23
309 346 55
240 203 21
134 314 95
206 195 41
210 316 18
464 487 20
294 318 73
138 88 75
317 241 67
399 468 52
205 390 16
319 342 96
131 37 52
376 252 15
267 41 63
469 440 79
527 74 68
191 545 2
264 0 9
27 564 80
410 295 78
467 388 15
496 19 18
324 544 79
280 97 94
479 375 50
92 182 43
432 130 96
217 370 51
56 67 28
32 332 76
365 430 98
147 218 28
167 279 70
450 512 55
45 551 76
398 452 39
211 457 36
144 363 68
159 487 97
465 478 75
513 260 41
120 282 16
248 153 24
87 587 99
274 395 87
434 55 26
171 324 42
216 551 3
222 42 88
138 336 15
113 353 99
312 279 15
402 244 57
306 579 88
88 594 73
262 455 47
556 273 61
154 348 100
32 337 88
136 583 71
401 196 23
63 439 48
161 112 46
506 364 95
136 367 90
0 146 77
111 440 12
489 331 47
565 24 84
103 110 93
333 144 91
477 331 36
234 521 12
451 258 39
122 116 5
252 363 51
302 385 71
358 512 29
556 264 36
204 372 59
206 152 59
226 348 93
448 9 92
577 495 68
438 190 96
230 299 47
458 450 87
427 503 65
493 60 83
288 535 58
421 446 19
181 519 61
494 21 27
387 86 43
389 33 18
334 202 24
440 63 19
214 586 32
103 181 22
353 4 57
589 508 13
564 328 5
271 491 9
141 455 47
323 435 51
380 286 90
46 446 19
143 565 88
494 559 96
419 525 82
412 384 38
180 337 57
212 498 60
559 36 54
525 73 15
383 16 6
185 321 53
91 350 30
312 316 93
152 517 60
465 550 30
585 126 44
504 544 11
271 132 5
532 461 50
472 73 13
339 98 71
310 298 61
135 593 4
591 586 43
494 580 30
367 283 28
304 30 97
108 101 62
350 559 44
462 203 39
180 130 84
161 306 8
334 581 37
540 437 92
528 594 88
507 54 35
521 490 27
86 546 46
223 416 43
403 12 73
95 227 37
167 321 28
439 492 5
253 425 37
10 429 17
555 157 51
563 102 29
280 452 56
427 371 61
101 184 2
441 37 73
473 523 38
353 274 94
169 441 83
159 345 95
310 59 60
312 416 19
438 14 44
431 304 2
584 48 99
382 321 28
397 379 36
314 255 40
493 308 31
362 210 15
488 310 50
543 595 49
106 42 31
109 196 69
266 347 29
476 78 18
208 535 14
436 333 13
235 441 64
40 459 50
263 483 96
114 590 34
169 301 20
13 487 69
464 199 17
158 548 39
527 278 39
590 7 54
385 307 2
76 14 73
321 426 52
279 541 93
169 252 15
62 418 52
256 431 97
26 493 22
340 270 48
574 77 2
554 429 38
477 287 61
178 568 27
459 227 85
14 260 94
415 366 3
124 358 45
313 91 82
503 306 44
240 358 96
216 567 28
472 599 23
91 583 1
429 151 94
571 469 9
27 283 24
367 551 26
286 167 69
291 441 41
422 203 63
77 30 75
192 173 14
375 99 5
396 519 75
155 90 41
115 513 15
13 106 55
587 118 96
264 121 71
578 291 5
133 135 25
174 393 84
406 470 12
507 449 93
293 445 54
87 441 35
557 15 80
551 580 49
259 188 56
89 363 79
5 599 56
544 477 85
388 293 46
550 463 57
300 24 86
570 178 71
258 527 6
30 550 75
85 252 53
492 579 34
453 573 62
157 76 77
92 581 20
471 209 76
193 168 68
257 430 37
73 533 60
152 116 9
467 64 31
144 146 45
462 530 76
244 178 4
228 555 4
271 434 94
132 160 62
564 302 73
150 273 55
230 409 72
240 107 54
355 559 87
517 577 11
309 296 12
192 184 19
27 458 63
9 113 36
214 462 23
73 165 44
547 492 16
412 154 66
167 501 12
594 215 69
22 520 36
3 255 14
582 418 6
568 52 51
222 530 50
152 1 57
408 172 92
163 490 29
473 483 55
411 240 83
33 24 23
242 274 52
598 522 24
535 564 59
119 111 32
488 74 2
138 282 74
25 123 33
302 594 93
471 241 61
271 136 46
383 243 68
457 121 39
446 146 16
7 321 38
101 394 59
44 180 84
454 443 2
328 162 90
282 264 31
92 7 34
299 407 41
456 216 56
185 440 44
141 440 10
58 509 47
312 251 17
468 348 97
584 6 9
578 32 22
234 2 70
149 505 16
243 575 95
451 330 55
79 457 79
502 395 40
558 152 78
89 230 40
405 134 71
405 537 13
29 523 8
524 262 61
189 564 99
212 557 46
294 589 67
294 458 67
153 477 84
83 228 99
541 497 69
238 13 47
298 364 71
424 358 98
598 474 76
15 355 80
84 160 20
241 303 40
92 189 23
362 430 44
294 479 63
465 127 1
360 573 68
276 473 86
189 153 24
182 292 93
196 135 19
36 387 12
373 190 94
472 223 36
455 418 32
355 333 8
13 91 81
470 580 37
575 100 73
554 525 7
361 490 37
108 557 55
340 479 46
72 293 46
278 547 98
8 164 2
540 200 92
244 366 55
41 90 3
155 333 86
340 29 3
522 275 73
116 251 78
5 79 10
43 257 35
45 225 46
510 40 69
520 537 44
262 364 22
265 401 33
527 214 32
216 518 12
8 566 15
365 23 38
518 296 15
30 101 27
181 339 80
197 18 3
425 443 45
329 384 73
230 75 71
340 494 73
191 219 29
330 142 98
32 562 52
81 416 87
584 365 47
595 62 65
512 213 63
320 539 70
59 128 83
165 534 72
416 428 99
203 307 59
593 376 46
485 114 48
161 386 17
36 257 94
50 520 4
512 195 63
36 542 100
368 270 59
386 299 3
486 252 57
173 174 89
130 403 82
281 78 94
345 137 99
410 351 30
574 43 13
372 215 48
500 421 67
76 126 62
406 559 32
586 27 60
340 129 52
28 136 58
59 478 18
442 384 73
138 43 61
565 275 80
16 350 73
216 373 42
452 91 100
472 570 47
34 525 22
168 428 65
440 578 61
469 32 34
233 375 98
189 291 92
245 412 64
366 215 92
582 125 76
65 245 57
515 238 100
355 186 83
360 576 99
137 24 34
32 514 57
80 180 18
481 251 22
378 231 3
577 136 27
414 178 20
3 452 79
67 462 75
308 173 18
122 291 84
383 566 1
144 221 15
263 117 92
165 559 28
562 187 1
466 578 6
55 244 45
584 555 97
256 362 74
422 62 21
440 561 95
354 248 29
187 481 94
354 253 52
102 446 44
143 304 97
401 485 59
174 189 84
588 358 93
453 544 69
590 82 46
312 475 51
91 498 3
408 352 22
518 422 35
371 220 98
91 506 45
453 207 42
237 559 80
518 553 88
238 435 28
29 578 80
402 519 30
570 491 24
273 81 89
470 59 33
97 567 39
194 141 51
579 224 66
408 153 30
62 175 64
463 336 89
15 128 75
127 580 38
66 575 31
141 572 18
524 128 24
530 466 76
315 506 73
573 534 49
450 499 95
69 341 33
481 392 98
241 168 88
389 431 14
383 336 100
44 353 75
256 359 44
117 306 22
26 399 79
152 41 66
305 463 88
141 156 38
357 190 98
371 562 28
269 107 44
10 408 45
486 569 5
463 131 58
28 566 41
70 595 69
257 328 14
395 582 30
117 283 77
583 250 15
197 595 26
131 219 16
235 584 70
54 542 29
93 189 80
546 13 61
129 51 31
597 239 70
113 69 23
313 523 84
266 76 58
39 248 38
31 30 78
373 415 74
580 512 90
263 157 49
420 335 21
544 492 38
284 313 74
95 583 39
289 385 26
53 309 32
436 82 33
424 340 94
205 552 69
305 320 95
33 393 58
580 57 88
250 74 62
36 18 100
224 514 33
529 105 25
171 250 57
546 458 6
337 597 85
312 567 40
43 460 88
388 250 49
316 216 40
293 50 32
199 237 82
212 391 100
241 309 6
340 200 46
122 40 85
185 128 15
341 518 41
305 107 51
272 297 70
161 177 57
175 184 22
272 441 98
37 318 55
9 32 100
17 359 5
539 43 22
583 168 87
247 261 89
402 321 54
512 524 29
332 488 89
294 346 28
278 405 1
573 45 41
66 40 30
196 250 15
63 62 3
18 128 18
574 148 16
398 86 1
277 198 95
56 47 16
128 382 66
27 452 83
457 523 82
558 10 71
221 398 95
259 593 38
247 147 2
31 8 48
369 442 52
150 29 61
273 585 1
243 83 72
82 89 54
22 305 59
254 294 55
290 527 16
231 227 75
165 585 68
261 83 66
215 80 96
297 589 59
552 243 23
361 579 7
492 177 75
36 333 76
586 363 2
27 575 51
287 511 88
284 70 44
278 324 39
547 409 43
87 199 93
24 62 68
460 536 23
188 126 51
165 213 71
166 19 68
573 279 3
240 584 74
163 592 48
180 16 39
425 337 73
514 245 81
530 165 5
410 167 68
319 108 79
565 13 29
335 525 17
378 225 20
407 512 64
232 326 86
442 151 10
277 114 5
495 375 10
120 568 54
378 356 32
97 183 96
541 45 67
87 161 31
405 335 71
153 228 21
574 262 32
108 472 41
150 300 42
515 516 37
483 287 35
272 281 86
574 212 28
582 211 32
177 90 79
484 253 30
134 350 91
511 496 67
488 101 60
164 69 57
398 172 55
227 246 53
440 283 12
586 300 21
462 514 86
167 253 33
25 578 31
572 68 68
187 60 40
549 149 92
77 530 3
269 402 54
362 268 92
337 120 94
401 413 74
588 89 28
316 424 87
304 140 6
370 46 58
222 100 69
290 230 46
512 183 56
410 304 45
119 501 98
331 11 57
132 107 41
50 138 24
446 281 86
152 57 30
551 561 16
271 316 95
179 115 3
459 23 16
456 12 49
71 396 42
550 228 14
16 171 30
343 179 52
434 50 21
334 553 30
101 251 91
311 464 80
11 107 24
17 302 1
540 29 4
340 371 43
369 458 83
418 210 61
8 171 24
57 298 6
239 170 72
507 119 100
435 385 98
447 183 18
503 79 6
276 279 48
409 330 21
212 575 54
160 95 94
182 115 75
546 7 8
576 359 21
472 294 37
216 260 23
476 102 5
58 169 22
393 249 62
182 135 14
401 212 17
24 384 11
394 586 57
462 310 8
361 544 35
348 359 41
373 172 30
461 180 95
472 345 48
431 563 72
548 88 94
4 178 45
278 438 67
583 366 3
279 54 79
196 259 66
445 515 67
261 527 34
398 38 82
313 267 42
505 403 55
34 452 65
473 229 45
379 421 89
131 289 33
367 159 41
498 194 25
77 411 84
129 583 27
595 7 36
362 236 73
248 186 56
486 530 65
544 261 81
306 97 35
330 362 99
389 60 92
535 13 24
561 41 89
103 272 12
354 498 13
171 263 37
499 62 90
441 258 41
588 448 85
262 1 23
97 566 34
14 162 63
499 324 57
539 463 8
122 203 94
490 523 55
27 558 29
502 169 72
314 348 87
53 238 5
314 416 76
345 487 43
558 128 23
148 512 3
138 260 34
260 483 12
98 201 91
240 223 27
234 247 22
73 222 89
389 487 95
61 334 26
166 402 15
598 51 35
254 237 45
513 451 54
227 46 94
276 75 5
329 180 80
269 104 46
158 122 11
318 61 32
461 502 49
263 174 24
456 463 43
332 162 69
588 181 70
552 182 100
235 534 41
418 432 10
82 195 100
139 351 55
314 90 38
78 433 14
309 455 94
53 586 40
110 256 7
398 274 72
567 100 61
378 101 47
10 492 74
114 66 13
597 492 84
555 507 100
364 108 24
589 514 56
290 477 52
498 176 62
7 459 14
583 215 67
502 596 59
559 229 23
326 410 24
148 159 11
249 439 67
581 21 8
280 138 51
178 276 42
579 368 94
142 441 78
264 364 12
403 432 99
486 485 41
69 89 53
478 100 69
503 314 43
359 484 19
132 478 63
506 252 77
115 569 92
355 377 23
365 424 58
546 171 61
267 492 22
585 417 68
220 286 35
161 90 21
64 446 99
445 208 84
500 110 57
470 132 19
70 551 65
395 44 74
40 455 86
297 365 48
8 568 29
323 27 50
573 92 98
429 71 53
270 244 95
31 328 74
3 109 42
440 58 38
521 557 61
353 525 20
592 555 23
122 145 14
133 218 73
55 494 14
534 204 87
152 322 49
425 241 99
169 151 28
351 80 20
269 135 51
303 588 65
530 498 66
401 414 71
297 168 49
307 593 55
99 63 63
517 500 41
449 50 43
307 409 73
436 574 45
3 101 13
349 35 67
539 2 75
145 412 52
41 548 22
482 227 63
319 538 15
88 207 93
594 415 61
12 192 73
141 69 85
447 303 87
314 169 92
72 518 3
323 316 88
407 502 72
527 202 33
569 461 72
282 201 65
307 427 55
140 257 90
274 569 84
88 170 74
444 170 23
577 367 51
200 317 31
423 273 98
326 104 93
523 445 55
518 547 49
